0.000000	0.000245	0.004898
10.000000	0.029550	0.053623
20.000000	0.107013	0.096750
30.000000	0.202955	0.095027
40.000000	0.296855	0.092668
50.000000	0.388084	0.089691
60.000000	0.476039	0.086121
70.000000	0.560139	0.081988
80.000000	0.639837	0.077323
90.000000	0.714619	0.072161
100.000000	0.784006	0.066541
110.000000	0.847563	0.060506
120.000000	0.904894	0.054098
130.000000	0.955650	0.047364
140.000000	0.999529	0.040353
150.000000	1.036280	0.033114
160.000000	1.065698	0.025698
170.000000	1.087634	0.018157
180.000000	1.101988	0.010544
190.000000	1.108715	0.002911
200.000000	1.107820	-0.004690
210.000000	1.099363	-0.012207
220.000000	1.083451	-0.019589
230.000000	1.060246	-0.026787
240.000000	1.029955	-0.033753
250.000000	0.992833	-0.040440
260.000000	0.949182	-0.046805
270.000000	0.899344	-0.052807
280.000000	0.843702	-0.058407
290.000000	0.782675	-0.063570
300.000000	0.716718	-0.068263
310.000000	0.646315	-0.072458
320.000000	0.571977	-0.076129
330.000000	0.494239	-0.079254
340.000000	0.413656	-0.081817
350.000000	0.330797	-0.083803
360.000000	0.246244	-0.085203
370.000000	0.160587	-0.086012
380.000000	0.074419	-0.086227
390.000000	-0.011669	-0.085851
400.000000	-0.097089	-0.084892
410.000000	-0.181261	-0.083359
420.000000	-0.263620	-0.081266
430.000000	-0.343614	-0.078633
440.000000	-0.420713	-0.075481
450.000000	-0.494411	-0.071835
460.000000	-0.564227	-0.067722
470.000000	-0.629710	-0.063175
480.000000	-0.690444	-0.058227
490.000000	-0.746044	-0.052916
500.000000	-0.796167	-0.047279
510.000000	-0.840507	-0.041358
520.000000	-0.878802	-0.035194
530.000000	-0.910830	-0.028832
540.000000	-0.936415	-0.022317
550.000000	-0.955428	-0.015694
560.000000	-0.967783	-0.009009
570.000000	-0.973440	-0.002308
580.000000	-0.972408	0.004363
590.000000	-0.964739	0.010959
600.000000	-0.950530	0.017434
610.000000	-0.929924	0.023747
620.000000	-0.903105	0.029853
630.000000	-0.870299	0.035715
640.000000	-0.831771	0.041292
650.000000	-0.787823	0.046548
660.000000	-0.738792	0.051451
670.000000	-0.685049	0.055969
680.000000	-0.626993	0.060073
690.000000	-0.565049	0.063739
700.000000	-0.499668	0.066944
710.000000	-0.431320	0.069670
720.000000	-0.360493	0.071902
730.000000	-0.287686	0.073626
740.000000	-0.213412	0.074836
750.000000	-0.138187	0.075527
760.000000	-0.062532	0.075696
770.000000	0.013033	0.075347
780.000000	0.087992	0.074486
790.000000	0.161837	0.073122
800.000000	0.234072	0.071267
810.000000	0.304214	0.068939
820.000000	0.371797	0.066155
830.000000	0.436379	0.062938
840.000000	0.497537	0.059313
850.000000	0.554877	0.055307
860.000000	0.608034	0.050951
870.000000	0.656674	0.046277
880.000000	0.700494	0.041319
890.000000	0.739228	0.036112
900.000000	0.772647	0.030694
910.000000	0.800558	0.025103
920.000000	0.822808	0.019379
930.000000	0.839284	0.013561
940.000000	0.849913	0.007691
950.000000	0.854662	0.001809
960.000000	0.853539	-0.004046
970.000000	0.846592	-0.009833
980.000000	0.833908	-0.015514
990.000000	0.815613	-0.021049
1000.000000	0.791870	-0.026403
1010.000000	0.762879	-0.031540
1020.000000	0.728874	-0.036426
1030.000000	0.690121	-0.041030
1040.000000	0.646918	-0.045322
1050.000000	0.599590	-0.049275
1060.000000	0.548489	-0.052865
1070.000000	0.493989	-0.056068
1080.000000	0.436487	-0.058867
1090.000000	0.376395	-0.061244
1100.000000	0.314143	-0.063187
1110.000000	0.250170	-0.064685
1120.000000	0.184925	-0.065730
1130.000000	0.118862	-0.066319
1140.000000	0.052439	-0.066451
1150.000000	-0.013888	-0.066128
1160.000000	-0.079667	-0.065356
1170.000000	-0.144452	-0.064142
1180.000000	-0.207807	-0.062498
1190.000000	-0.269310	-0.060438
1200.000000	-0.328551	-0.057980
1210.000000	-0.385143	-0.055142
1220.000000	-0.438716	-0.051947
1230.000000	-0.488925	-0.048419
1240.000000	-0.535451	-0.044584
1250.000000	-0.578000	-0.040470
1260.000000	-0.616308	-0.036108
1270.000000	-0.650144	-0.031530
1280.000000	-0.679307	-0.026767
1290.000000	-0.703628	-0.021854
1300.000000	-0.722976	-0.016825
1310.000000	-0.737251	-0.011716
1320.000000	-0.746392	-0.006561
1330.000000	-0.750370	-0.001397
1340.000000	-0.749194	0.003741
1350.000000	-0.742908	0.008819
1360.000000	-0.731588	0.013802
1370.000000	-0.715347	0.018656
1380.000000	-0.694329	0.023350
1390.000000	-0.668711	0.027852
1400.000000	-0.638699	0.032133
1410.000000	-0.604528	0.036165
1420.000000	-0.566460	0.039923
1430.000000	-0.524782	0.043382
1440.000000	-0.479804	0.046521
1450.000000	-0.431854	0.049320
1460.000000	-0.381282	0.051764
1470.000000	-0.328450	0.053837
1480.000000	-0.273735	0.055528
1490.000000	-0.217524	0.056828
1500.000000	-0.160211	0.057731
1510.000000	-0.102196	0.058234
1520.000000	-0.043878	0.058335
1530.000000	0.014340	0.058036
1540.000000	0.072063	0.057344
1550.000000	0.128899	0.056264
1560.000000	0.184465	0.054807
1570.000000	0.238391	0.052986
1580.000000	0.290319	0.050815
1590.000000	0.339909	0.048311
1600.000000	0.386838	0.045495
1610.000000	0.430802	0.042387
1620.000000	0.471522	0.039011
1630.000000	0.508743	0.035391
1640.000000	0.542232	0.031554
1650.000000	0.571788	0.027528
1660.000000	0.597235	0.023342
1670.000000	0.618428	0.019024
1680.000000	0.635250	0.014606
1690.000000	0.647617	0.010118
1700.000000	0.655474	0.005592
1710.000000	0.658799	0.001059
1720.000000	0.657599	-0.003451
1730.000000	0.651915	-0.007906
1740.000000	0.641816	-0.012277
1750.000000	0.627400	-0.016534
1760.000000	0.608796	-0.020648
1770.000000	0.586159	-0.024594
1780.000000	0.559673	-0.028345
1790.000000	0.529543	-0.031876
1800.000000	0.496001	-0.035166
1810.000000	0.459300	-0.038192
1820.000000	0.419711	-0.040937
1830.000000	0.377525	-0.043384
1840.000000	0.333048	-0.045517
1850.000000	0.286599	-0.047325
1860.000000	0.238510	-0.048797
1870.000000	0.189120	-0.049926
1880.000000	0.138775	-0.050705
1890.000000	0.087827	-0.051133
1900.000000	0.036626	-0.051209
1910.000000	-0.014474	-0.050934
1920.000000	-0.065127	-0.050313
1930.000000	-0.114988	-0.049353
1940.000000	-0.163722	-0.048062
1950.000000	-0.211005	-0.046451
1960.000000	-0.256523	-0.044534
1970.000000	-0.299977	-0.042326
1980.000000	-0.341084	-0.039844
1990.000000	-0.379580	-0.037106
2000.000000	-0.415218	-0.034134
2010.000000	-0.447777	-0.030949
2020.000000	-0.477053	-0.027574
2030.000000	-0.502869	-0.024034
2040.000000	-0.525074	-0.020353
2050.000000	-0.543538	-0.016559
2060.000000	-0.558163	-0.012678
2070.000000	-0.568874	-0.008736
2080.000000	-0.575625	-0.004762
2090.000000	-0.578396	-0.000783
2100.000000	-0.577197	0.003175
2110.000000	-0.572062	0.007084
2120.000000	-0.563054	0.010918
2130.000000	-0.550260	0.014651
2140.000000	-0.533794	0.018258
2150.000000	-0.513793	0.021716
2160.000000	-0.490418	0.025002
2170.000000	-0.463853	0.028095
2180.000000	-0.434299	0.030975
2190.000000	-0.401981	0.033623
2200.000000	-0.367136	0.036023
2210.000000	-0.330022	0.038161
2220.000000	-0.290906	0.040024
2230.000000	-0.250070	0.041600
2240.000000	-0.207804	0.042881
2250.000000	-0.164408	0.043861
2260.000000	-0.120185	0.044534
2270.000000	-0.075443	0.044898
2280.000000	-0.030491	0.044953
2290.000000	0.014361	0.044701
2300.000000	0.058809	0.044145
2310.000000	0.102551	0.043291
2320.000000	0.145293	0.042147
2330.000000	0.186751	0.040722
2340.000000	0.226649	0.039030
2350.000000	0.264725	0.037082
2360.000000	0.300733	0.034894
2370.000000	0.334440	0.032483
2380.000000	0.365631	0.029866
2390.000000	0.394110	0.027063
2400.000000	0.419702	0.024095
2410.000000	0.442252	0.020982
2420.000000	0.461625	0.017747
2430.000000	0.477712	0.014413
2440.000000	0.490425	0.011003
2450.000000	0.499701	0.007541
2460.000000	0.505498	0.004051
2470.000000	0.507802	0.000558
2480.000000	0.506621	-0.002915
2490.000000	0.501986	-0.006345
2500.000000	0.493953	-0.009708
2510.000000	0.482600	-0.012982
2520.000000	0.468027	-0.016144
2530.000000	0.450356	-0.019175
2540.000000	0.429728	-0.022053
2550.000000	0.406306	-0.024762
2560.000000	0.380267	-0.027283
2570.000000	0.351808	-0.029600
2580.000000	0.321141	-0.031699
2590.000000	0.288488	-0.033567
2600.000000	0.254088	-0.035193
2610.000000	0.218186	-0.036567
2620.000000	0.181039	-0.037682
2630.000000	0.142910	-0.038532
2640.000000	0.104064	-0.039113
2650.000000	0.064773	-0.039423
2660.000000	0.025308	-0.039461
2670.000000	-0.014060	-0.039230
2680.000000	-0.053062	-0.038732
2690.000000	-0.091436	-0.037972
2700.000000	-0.128923	-0.036959
2710.000000	-0.165272	-0.035700
2720.000000	-0.200244	-0.034205
2730.000000	-0.233608	-0.032487
2740.000000	-0.265148	-0.030559
2750.000000	-0.294661	-0.028435
2760.000000	-0.321959	-0.026132
2770.000000	-0.346870	-0.023665
2780.000000	-0.369241	-0.021054
2790.000000	-0.388936	-0.018317
2800.000000	-0.405839	-0.015473
2810.000000	-0.419854	-0.012543
2820.000000	-0.430904	-0.009548
2830.000000	-0.438934	-0.006507
2840.000000	-0.443910	-0.003443
2850.000000	-0.445820	-0.000377
2860.000000	-0.444670	0.002672
2870.000000	-0.440489	0.005681
2880.000000	-0.433328	0.008631
2890.000000	-0.423255	0.011501
2900.000000	-0.410358	0.014274
2910.000000	-0.394747	0.016929
2920.000000	-0.376544	0.019452
2930.000000	-0.355893	0.021824
2940.000000	-0.332952	0.024030
2950.000000	-0.307893	0.026058
2960.000000	-0.280901	0.027893
2970.000000	-0.252175	0.029525
2980.000000	-0.221922	0.030945
2990.000000	-0.190359	0.032143
3000.000000	-0.157712	0.033113
3010.000000	-0.124210	0.033851
3020.000000	-0.090088	0.034352
3030.000000	-0.055584	0.034615
3040.000000	-0.020937	0.034640
3050.000000	0.013617	0.034428
3060.000000	0.047842	0.033982
3070.000000	0.081505	0.033307
3080.000000	0.114382	0.032409
3090.000000	0.146252	0.031296
3100.000000	0.176906	0.029977
3110.000000	0.206140	0.028461
3120.000000	0.233767	0.026762
3130.000000	0.259608	0.024891
3140.000000	0.283498	0.022864
3150.000000	0.305287	0.020693
3160.000000	0.324842	0.018397
3170.000000	0.342044	0.015990
3180.000000	0.356790	0.013490
3190.000000	0.368999	0.010915
3200.000000	0.378602	0.008284
3210.000000	0.385553	0.005614
3220.000000	0.389823	0.002923
3230.000000	0.391399	0.000231
3240.000000	0.390291	-0.002444
3250.000000	0.386523	-0.005084
3260.000000	0.380140	-0.007671
3270.000000	0.371204	-0.010189
3280.000000	0.359792	-0.012619
3290.000000	0.346000	-0.014947
3300.000000	0.329938	-0.017156
3310.000000	0.311732	-0.019233
3320.000000	0.291520	-0.021165
3330.000000	0.269454	-0.022939
3340.000000	0.245698	-0.024544
3350.000000	0.220426	-0.025970
3360.000000	0.193821	-0.027209
3370.000000	0.166073	-0.028254
3380.000000	0.137380	-0.029098
3390.000000	0.107945	-0.029738
3400.000000	0.077973	-0.030170
3410.000000	0.047674	-0.030394
3420.000000	0.017255	-0.030408
3430.000000	-0.013073	-0.030214
3440.000000	-0.043104	-0.029815
3450.000000	-0.072636	-0.029215
3460.000000	-0.101469	-0.028420
3470.000000	-0.129412	-0.027435
3480.000000	-0.156280	-0.026271
3490.000000	-0.181896	-0.024934
3500.000000	-0.206094	-0.023436
3510.000000	-0.228719	-0.021789
3520.000000	-0.249626	-0.020004
3530.000000	-0.268685	-0.018094
3540.000000	-0.285778	-0.016074
3550.000000	-0.300801	-0.013958
3560.000000	-0.313666	-0.011761
3570.000000	-0.324300	-0.009498
3580.000000	-0.332646	-0.007186
3590.000000	-0.338661	-0.004841
3600.000000	-0.342322	-0.002479
3610.000000	-0.343619	-0.000116
3620.000000	-0.342558	0.002232
3630.000000	-0.339165	0.004548
3640.000000	-0.333478	0.006818
3650.000000	-0.325550	0.009025
3660.000000	-0.315453	0.011156
3670.000000	-0.303269	0.013195
3680.000000	-0.289097	0.015131
3690.000000	-0.273046	0.016950
3700.000000	-0.255239	0.018641
3710.000000	-0.235810	0.020193
3720.000000	-0.214903	0.021596
3730.000000	-0.192670	0.022842
3740.000000	-0.169272	0.023924
3750.000000	-0.144879	0.024835
3760.000000	-0.119662	0.025570
3770.000000	-0.093799	0.026125
3780.000000	-0.067473	0.026497
3790.000000	-0.040866	0.026687
3800.000000	-0.014161	0.026692
3810.000000	0.012458	0.026515
3820.000000	0.038809	0.026158
3830.000000	0.064716	0.025625
3840.000000	0.090003	0.024921
3850.000000	0.114502	0.024051
3860.000000	0.138052	0.023022
3870.000000	0.160497	0.021844
3880.000000	0.181692	0.020524
3890.000000	0.201501	0.019073
3900.000000	0.219798	0.017501
3910.000000	0.236467	0.015821
3920.000000	0.251407	0.014044
3930.000000	0.264528	0.012183
3940.000000	0.275751	0.010252
3950.000000	0.285013	0.008264
3960.000000	0.292264	0.006233
3970.000000	0.297469	0.004173
3980.000000	0.300606	0.002099
3990.000000	0.301668	0.000025
4000.000000	0.300661	-0.002035
4010.000000	0.297607	-0.004068
4020.000000	0.292540	-0.006058
4030.000000	0.285509	-0.007994
4040.000000	0.276575	-0.009861
4050.000000	0.265813	-0.011649
4060.000000	0.253308	-0.013345
4070.000000	0.239158	-0.014938
4080.000000	0.223470	-0.016418
4090.000000	0.206363	-0.017776
4100.000000	0.187962	-0.019003
4110.000000	0.168404	-0.020091
4120.000000	0.147828	-0.021035
4130.000000	0.126383	-0.021829
4140.000000	0.104221	-0.022469
4150.000000	0.081498	-0.022950
4160.000000	0.058374	-0.023271
4170.000000	0.035010	-0.023431
4180.000000	0.011565	-0.023430
4190.000000	-0.011798	-0.023269
4200.000000	-0.034921	-0.022950
4210.000000	-0.057647	-0.022476
4220.000000	-0.079823	-0.021852
4230.000000	-0.101303	-0.021083
4240.000000	-0.121944	-0.020176
4250.000000	-0.141610	-0.019136
4260.000000	-0.160175	-0.017973
4270.000000	-0.177518	-0.016695
4280.000000	-0.193530	-0.015312
4290.000000	-0.208109	-0.013833
4300.000000	-0.221168	-0.012270
4310.000000	-0.232626	-0.010634
4320.000000	-0.242416	-0.008937
4330.000000	-0.250482	-0.007190
4340.000000	-0.256783	-0.005406
4350.000000	-0.261285	-0.003597
4360.000000	-0.263972	-0.001776
4370.000000	-0.264836	0.000045
4380.000000	-0.263885	0.001853
4390.000000	-0.261138	0.003636
4400.000000	-0.256625	0.005382
4410.000000	-0.250390	0.007080
4420.000000	-0.242486	0.008717
4430.000000	-0.232980	0.010283
4440.000000	-0.221947	0.011769
4450.000000	-0.209472	0.013164
4460.000000	-0.195652	0.014459
4470.000000	-0.180589	0.015647
4480.000000	-0.164396	0.016720
4490.000000	-0.147190	0.017671
4500.000000	-0.129096	0.018495
4510.000000	-0.110243	0.019187
4520.000000	-0.090766	0.019743
4530.000000	-0.070802	0.020161
4540.000000	-0.050491	0.020438
4550.000000	-0.029974	0.020573
4560.000000	-0.009392	0.020567
4570.000000	0.011113	0.020420
4580.000000	0.031402	0.020135
4590.000000	0.051338	0.019714
4600.000000	0.070787	0.019162
4610.000000	0.089619	0.018482
4620.000000	0.107710	0.017681
4630.000000	0.124942	0.016764
4640.000000	0.141202	0.015739
4650.000000	0.156386	0.014613
4660.000000	0.170398	0.013396
4670.000000	0.183149	0.012095
4680.000000	0.194563	0.010720
4690.000000	0.204568	0.009282
4700.000000	0.213108	0.007790
4710.000000	0.220133	0.006254
4720.000000	0.225606	0.004687
4730.000000	0.229500	0.003098
4740.000000	0.231800	0.001500
4750.000000	0.232499	-0.000099
4760.000000	0.231606	-0.001685
4770.000000	0.229136	-0.003250
4780.000000	0.225118	-0.004781
4790.000000	0.219588	-0.006269
4800.000000	0.212597	-0.007705
4810.000000	0.204200	-0.009077
4820.000000	0.194466	-0.010379
4830.000000	0.183469	-0.011600
4840.000000	0.171294	-0.012734
4850.000000	0.158032	-0.013774
4860.000000	0.143781	-0.014712
4870.000000	0.128645	-0.015543
4880.000000	0.112733	-0.016262
4890.000000	0.096160	-0.016865
4900.000000	0.079043	-0.017349
4910.000000	0.061503	-0.017711
4920.000000	0.043663	-0.017949
4930.000000	0.025646	-0.018063
4940.000000	0.007577	-0.018053
4950.000000	-0.010419	-0.017920
4960.000000	-0.028222	-0.017665
4970.000000	-0.045710	-0.017291
4980.000000	-0.062767	-0.016802
4990.000000	-0.079277	-0.016201
5000.000000	-0.095134	-0.015494
